0.291685
0.725812
3.43119
0.927873
0.056117
0.216665
0.0519702
0.318564
2.51366
0.64138
0.357463
0.0169192
1.39897
2.22706
0.680776
0.0912934
1.74336
1.39996
0.847123
0.390645
0.730977
1.57175
0.13495
0.354312
0.335692
0.478417
0.770723
4.55569
0.953481
0.00169001
0.0158539
0.124046
2.73582
0.276061
0.0517778
4.66657
0.082344
0.28721
0.695024
0.213241
0.814798
0.117335
1.3146
2.83016
1.53116
0.607404
0.530051
0.0672758
0.0730984
0.592696
646.831
644.43
658.896
646.441
658.239
657.161
651.886
654.164
665.165
649.489
646.201
650.024
656.84
647.008
656.322
648.858
644.662
662.57
645.65
640.78
639.853
651.148
656.952
649.07
651.951
649.714
650.539
634.029
619.072
646.489
652.003
647.583
643.559
650.625
640.313
651.718
634.404
660.06
652.788
662.445
652.807
655.032
646.237
634.646
642.893
645.964
633.739
650.267
646.021
661.151
649.455
649.867
646.893
640.411
632.993
651.818
653.266
641.072
632.234
660.53
663.883
652.751
648.817
659.7
655.662
645.809
660.437
652.711
648
658.236
664.262
652.756
649
647.415
652.109
655.913
655.89
631.922
641.044
648.48
648.333
647.253
644.106
651.56
652.559
637.3
658.549
636.532
662.139
654.432
637.279
646.742
642.804
643.449
638.174
641.927
653.026
644.291
669.861
654.733
640.096
670.761
655.119
651.759
635.645
646.663
640.293
647.43
650.452
645.977
646.323
642.279
650.124
645.343
656.514
641.344
647.121
656.773
652.352
645.006
652.981
666.233
657.786
644.732
653.43
645.131
644.709
648.521
648.942
656.476
649.443
642.962
659.269
639.839
647.433
655.085
659.875
653.426
659.549
655.414
653.858
634.811
656.762
651.826
644.315
640.474
643.648
641.278
659.818
648.391
664.547
658.46
653.803
639.492
641.773
640.794
652.166
646.867
653.109
644.497
635.735
642.011
651.42
646.353
655.044
662.372
645.084
636.689
645.067
653.864
647.509
644.26
636.518
648.766
657.005
656.601
642.02
654.655
648.791
649.918
645.076
649.094
643.115
641.122
645.342
649.104
655.342
635.341
648.53
636.315
660.452
660.655
657.332
659.782
650.441
637.908
656.09
650.231
654.814
648.533
641.288
653.599
652.329
664.21
656.521
641.239
639.015
649.371
643.1
648.655
646.252
636.593
645.164
649.897
648.644
646.301
655.692
638.406
655.904
641.434
656.354
635.353
649.5
649.859
632.902
657.946
636.965
655.555
649.16
648.822
654.942
653.957
653.273
646.688
655.16
643.425
648.752
661.605
650.858
668.576
644.827
663.104
650.567
655.912
639.251
649.124
645.431
653.343
660.737
670.823
637.421
662.991
643.046
646.535
649.095
628.159
661.357
653.807
638.125
654.007
675.367
665.677
647.13
664.011
651.407
636.507
660.284
643.669
650.261
653.546
658.452
650.946
642.621
636.944
641.071
650.547
642.522
659.747
644.572
642.008
658.813
647.331
645.685
659.148
655.884
653.202
663.018
639.715
656.392
659.969
657.838
657.667
654.112
662.807
652.932
648.651
645.807
650.688
656.17
658.726
656.968
642.468
661.05
659.036
637.235
641.066
647.689
630.782
647.271
656.927
648.931
652.123
669.028
645.096
643.623
629.142
650.749
652.965
639.956
642.096
644.787
666.247
634.504
641.175
650.425
640.427
651.562
640.136
635.974
661.778
649.316
638.986
659.302
651.266
639.846
645.034
659.633
637.342
659.048
662.405
648.962
654.401
649.604
648.178
649.22
647.179
642.917
642.064
647.048
654.159
660.247
641.848
658.255
634.984
645.667
633.947
646.704
646.52
655.013
650.095
656.357
656.441
657.861
644.65
640.919
633.675
664.72
653.759
632.399
642.133
648.015
661.908
660.991
653.126
647.115
646.174
644.58
640.958
655.656
649.488
640.178
639.503
653.871
645.605
660.144
653.13
664.856
657.995
648.43
644.198
644.308
655.631
650.068
659.249
654.135
646.807
658.649
641.3
646.56
663.352
654.602
635.937
648.982
643.107
645.485
655.574
645.044
637.518
648.594
634.332
643.979
653.804
645.373
646.942
647.49
647.645
649.051
654.409
645.559
641.951
650.174
655.49
661.348
657.255
651.85
660.676
644.965
641.67
648.959
650.61
658.247
658.617
660.816
650.44
651.856
647.886
655.774
667.748
666.472
655.882
652.456
640.362
646.061
655.204
658.143
655.289
649.839
645.434
653.878
661.248
652.319
655.481
649.035
658.96
649.665
653.367
658.154
648.263
647.051
649.081
642.352
641.334
